20.000000 109.906
20.144928 110.008
20.290907 110.130
20.437943 110.252
20.586045 110.370
20.735220 110.483
20.885476 110.588
21.036820 110.684
21.189262 110.765
21.342808 110.816
21.497467 110.850
21.653246 110.874
21.810155 110.890
21.968200 110.899
22.127391 110.904
22.287735 110.906
22.449241 110.912
22.611917 110.926
22.775773 110.941
22.940815 110.957
23.107054 110.971
23.274497 110.986
23.443154 111.000
23.613033 111.014
23.784142 111.027
23.956492 111.039
24.130091 111.051
24.304947 111.063
24.481071 111.074
24.658471 111.085
24.837156 111.096
25.017137 111.106
25.198421 111.116
25.381019 111.125
25.564940 111.135
25.750195 111.144
25.936791 111.152
26.124740 111.161
26.314050 111.169
26.504733 111.177
26.696797 111.186
26.890253 111.194
27.085111 111.201
27.281381 111.209
27.479073 111.216
27.678198 111.223
27.878765 111.229
28.080786 111.235
28.284271 111.240
28.489231 111.245
28.695675 111.250
28.903616 111.255
29.113064 111.259
29.324029 111.263
29.536523 111.266
29.750557 111.270
29.966142 111.272
30.183289 111.275
30.402009 111.276
30.622315 111.277
30.844217 111.278
31.067726 111.278
31.292856 111.278
31.519617 111.278
31.748021 111.278
31.978080 111.278
32.209807 111.278
32.443212 111.278
32.678309 111.278
32.915110 111.277
33.153626 111.276
33.393871 111.275
33.635857 111.272
33.879596 111.270
34.125101 111.267
34.372386 111.263
34.621462 111.259
34.872344 111.255
35.125043 111.251
35.379574 111.246
35.635949 111.241
35.894182 111.237
36.154286 111.231
36.416274 111.226
36.680162 111.220
36.945961 111.214
37.213687 111.208
37.483353 111.201
37.754973 111.195
38.028561 111.188
38.304131 111.180
38.581699 111.173
38.861278 111.165
39.142882 111.157
39.426528 111.149
39.712229 111.140
40.000000 111.131
40.289856 111.121
40.581813 111.111
40.875886 111.101
41.172089 111.090
41.470439 111.079
41.770951 111.068
42.073641 111.057
42.378524 111.045
42.685616 111.033
42.994934 111.021
43.306493 111.008
43.620309 110.995
43.936400 110.982
44.254781 110.969
44.575470 110.955
44.898482 110.941
45.223835 110.927
45.551545 110.912
45.881631 110.897
46.214108 110.882
46.548994 110.866
46.886308 110.850
47.226065 110.834
47.568285 110.818
47.912984 110.801
48.260181 110.784
48.609894 110.767
48.962142 110.749
49.316942 110.732
49.674312 110.714
50.034273 110.695
50.396842 110.677
50.762038 110.658
51.129881 110.639
51.500389 110.619
51.873582 110.600
52.249480 110.580
52.628101 110.560
53.009466 110.539
53.393594 110.519
53.780506 110.498
54.170222 110.476
54.562762 110.455
54.958146 110.433
55.356395 110.411
55.757531 110.389
56.161573 110.366
56.568542 110.344
56.978461 110.322
57.391351 110.300
57.807232 110.277
58.226127 110.255
58.648058 110.232
59.073046 110.208
59.501113 110.185
59.932283 110.160
60.366577 110.135
60.804018 110.108
61.244629 110.081
61.688433 110.054
62.135453 110.026
62.585712 109.999
63.039234 109.971
63.496042 109.945
63.956161 109.919
64.419613 109.893
64.886424 109.866
65.356618 109.840
65.830219 109.814
66.307252 109.787
66.787742 109.760
67.271713 109.732
67.759192 109.703
68.250203 109.674
68.744772 109.645
69.242925 109.615
69.744688 109.586
70.250086 109.555
70.759147 109.525
71.271897 109.495
71.788363 109.465
72.308571 109.435
72.832549 109.405
73.360323 109.375
73.891923 109.344
74.427374 109.314
74.966705 109.283
75.509945 109.252
76.057121 109.221
76.608262 109.190
77.163398 109.159
77.722555 109.128
78.285765 109.097
78.853056 109.065
79.424458 109.034
80.000000 109.002
80.579713 108.970
81.163627 108.937
81.751772 108.905
82.344179 108.872
82.940879 108.839
83.541903 108.806
84.147282 108.773
84.757048 108.739
85.371232 108.706
85.989867 108.672
86.612985 108.639
87.240619 108.605
87.872800 108.572
88.509563 108.538
89.150939 108.505
89.796964 108.472
90.447670 108.439
91.103091 108.406
91.763261 108.373
92.428216 108.341
93.097989 108.308
93.772615 108.276
94.452130 108.243
95.136569 108.210
95.825968 108.177
96.520362 108.143
97.219789 108.110
97.924283 108.076
98.633883 108.043
99.348625 108.011
100.068546 107.979
100.793684 107.948
101.524077 107.917
102.259762 107.887
103.000778 107.857
103.747164 107.827
104.498959 107.798
105.256202 107.769
106.018931 107.739
106.787188 107.709
107.561012 107.679
108.340444 107.650
109.125523 107.620
109.916292 107.591
110.712791 107.562
111.515061 107.533
112.323145 107.506
113.137085 107.480
113.956923 107.454
114.782702 107.428
115.614465 107.402
116.452255 107.376
117.296116 107.349
118.146092 107.321
119.002227 107.292
119.864566 107.261
120.733154 107.230
121.608036 107.198
122.489258 107.166
123.376866 107.133
124.270906 107.101
125.171424 107.067
126.078468 107.032
126.992084 106.997
127.912321 106.963
128.839227 106.929
129.772849 106.896
130.713236 106.865
131.660438 106.836
132.614504 106.812
133.575483 106.792
134.543426 106.773
135.518384 106.755
136.500406 106.738
137.489544 106.723
138.485850 106.707
139.489375 106.691
140.500173 106.674
141.518295 106.656
142.543795 106.638
143.576726 106.619
144.617142 106.600
145.665098 106.582
146.720647 106.563
147.783845 106.544
148.854748 106.526
149.933411 106.507
151.019890 106.489
152.114242 106.471
153.216525 106.453
154.326795 106.436
155.445111 106.418
156.571530 106.401
157.706112 106.385
158.848915 106.368
160.000000 106.352
161.159426 106.337
162.327254 106.322
163.503544 106.308
164.688358 106.294
165.881758 106.281
167.083805 106.268
168.294563 106.255
169.514095 106.243
170.742464 106.231
171.979734 106.219
173.225970 106.208
174.481237 106.197
175.745600 106.186
177.019125 106.176
178.301879 106.167
179.593928 106.158
180.895339 106.150
182.206182 106.143
183.526523 106.137
184.856431 106.130
186.195977 106.124
187.545230 106.118
188.904260 106.112
190.273138 106.105
191.651936 106.097
193.040725 106.088
194.439578 106.079
195.848567 106.071
197.267766 106.062
198.697250 106.054
200.137092 106.047
201.587368 106.041
203.048153 106.035
204.519524 106.030
206.001557 106.025
207.494329 106.020
208.997918 106.015
210.512403 106.011
212.037863 106.007
213.574377 106.003
215.122025 105.998
216.680888 105.994
218.251047 105.990
219.832584 105.987
221.425581 105.983
223.030122 105.979
224.646290 105.976
226.274170 105.972
227.913846 105.968
229.565404 105.965
231.228929 105.961
232.904509 105.958
234.592231 105.955
236.292183 105.952
238.004454 105.949
239.729132 105.946
241.466308 105.943
243.216073 105.940
244.978517 105.938
246.753732 105.935
248.541811 105.933
250.342848 105.931
252.156935 105.928
253.984168 105.926
255.824642 105.924
257.678453 105.922
259.545697 105.920
261.426473 105.918
263.320877 105.916
265.229008 105.914
267.150967 105.912
269.086853 105.910
271.036767 105.908
273.000811 105.906
274.979088 105.903
276.971700 105.901
278.978751 105.899
281.000346 105.897
283.036590 105.894
285.087590 105.892
287.153452 105.890
289.234284 105.887
291.330195 105.885
293.441294 105.882
295.567690 105.880
297.709496 105.878
299.866821 105.875
302.039780 105.873
304.228485 105.871
306.433050 105.869
308.653590 105.867
310.890221 105.865
313.143060 105.863
315.412224 105.860
317.697831 105.857
320.000000 105.854
322.318852 105.850
324.654507 105.847
327.007088 105.843
329.376716 105.840
331.763515 105.836
334.167610 105.832
336.589127 105.829
339.028190 105.826
341.484928 105.823
343.959469 105.820
346.451941 105.816
348.962474 105.813
351.491200 105.810
354.038251 105.806
356.603758 105.802
359.187855 105.798
361.790679 105.794
364.412363 105.790
367.053045 105.785
369.712863 105.781
372.391955 105.776
375.090460 105.772
377.808521 105.767
380.546277 105.763
383.303872 105.759
386.081450 105.754
388.879155 105.750
391.697134 105.746
394.535533 105.741
397.394500 105.737
400.274184 105.733
403.174736 105.729
406.096306 105.725
409.039048 105.720
412.003113 105.716
414.988657 105.712
417.995836 105.708
421.024807 105.704
424.075726 105.699
427.148753 105.695
430.244049 105.690
433.361775 105.685
436.502093 105.680
439.665167 105.674
442.851162 105.669
446.060244 105.663
449.292581 105.657
452.548340 105.651
455.827692 105.644
459.130807 105.637
462.457858 105.630
465.809019 105.623
469.184463 105.615
472.584367 105.607
476.008908 105.600
479.458265 105.592
482.932617 105.583
486.432146 105.575
489.957033 105.567
493.507464 105.559
497.083623 105.551
500.685695 105.543
504.313870 105.535
507.968337 105.528
511.649285 105.521
515.356906 105.513
519.091395 105.506
522.852945 105.499
526.641753 105.491
530.458016 105.484
534.301934 105.477
538.173706 105.469
542.073534 105.461
546.001623 105.454
549.958175 105.445
553.943399 105.437
557.957501 105.428
562.000691 105.419
566.073180 105.410
570.175180 105.400
574.306904 105.390
578.468569 105.380
582.660390 105.370
586.882588 105.360
591.135381 105.349
595.418991 105.338
599.733643 105.327
604.079560 105.315
608.456970 105.302
612.866100 105.290
617.307180 105.278
621.780442 105.266
626.286120 105.256
630.824447 105.247
635.395661 105.240
640.000000 105.234
644.637704 105.229
649.309014 105.225
654.014175 105.223
658.753431 105.221
663.527030 105.220
668.335221 105.221
673.178253 105.226
678.056380 105.233
682.969856 105.241
687.918938 105.249
692.903882 105.258
697.924949 105.266
702.982401 105.274
708.076501 105.280
713.207515 105.282
718.375711 105.281
723.581357 105.278
728.824726 105.274
734.106091 105.270
739.425726 105.265
744.783910 105.260
750.180921 105.257
755.617041 105.255
761.092554 105.254
766.607744 105.253
772.162900 105.253
777.758310 105.254
783.394268 105.256
789.071066 105.258
794.789000 105.260
800.548368 105.264
806.349472 105.268
812.192613 105.274
818.078095 105.280
824.006226 105.287
829.977315 105.295
835.991673 105.304
842.049613 105.313
848.151452 105.323
854.297507 105.334
860.488099 105.345
866.723550 105.357
873.004186 105.370
879.330334 105.384
885.702324 105.399
892.120489 105.415
898.585161 105.432
905.096680 105.450
911.655384 105.469
918.261614 105.490
924.915716 105.511
931.618037 105.534
938.368925 105.557
945.168733 105.582
952.017816 105.608
958.916529 105.635
965.865234 105.664
972.864291 105.693
979.914067 105.723
987.014928 105.754
994.167245 105.786
1001.371391 105.819
1008.627741 105.853
1015.936673 105.887
1023.298569 105.921
1030.713812 105.956
1038.182790 105.991
1045.705890 106.026
1053.283506 106.060
1060.916032 106.093
1068.603867 106.123
1076.347412 106.152
1084.147069 106.181
1092.003245 106.211
1099.916351 106.241
1107.886798 106.272
1115.915003 106.305
1124.001383 106.342
1132.146360 106.382
1140.350359 106.424
1148.613808 106.467
1156.937137 106.511
1165.320781 106.555
1173.765175 106.598
1182.270762 106.640
1190.837983 106.679
1199.467286 106.717
1208.159120 106.754
1216.913939 106.790
1225.732199 106.827
1234.614360 106.862
1243.560885 106.898
1252.572239 106.933
1261.648894 106.969
1270.791322 107.004
1280.000000 107.039
1289.275408 107.073
1298.618029 107.107
1308.028350 107.140
1317.506863 107.172
1327.054061 107.203
1336.670442 107.233
1346.356507 107.263
1356.112761 107.292
1365.939713 107.321
1375.837875 107.349
1385.807763 107.376
1395.849898 107.404
1405.964802 107.431
1416.153002 107.458
1426.415031 107.484
1436.751422 107.511
1447.162715 107.538
1457.649452 107.564
1468.212181 107.590
1478.851452 107.617
1489.567819 107.643
1500.361842 107.670
1511.234082 107.697
1522.185107 107.723
1533.215488 107.750
1544.325799 107.778
1555.516621 107.805
1566.788535 107.833
1578.142131 107.861
1589.577999 107.889
1601.096737 107.918
1612.698944 107.947
1624.385225 107.977
1636.156190 108.008
1648.012452 108.038
1659.954630 108.070
1671.983345 108.101
1684.099226 108.134
1696.302903 108.166
1708.595013 108.199
1720.976197 108.231
1733.447100 108.265
1746.008372 108.299
1758.660669 108.334
1771.404649 108.370
1784.240977 108.408
1797.170323 108.446
1810.193360 108.487
1823.310767 108.529
1836.523229 108.572
1849.831433 108.617
1863.236074 108.663
1876.737851 108.710
1890.337467 108.758
1904.035631 108.807
1917.833058 108.857
1931.730467 108.907
1945.728583 108.959
1959.828134 109.012
1974.029857 109.067
1988.334491 109.124
2002.742782 109.182
2017.255482 109.242
2031.873347 109.304
2046.597138 109.367
2061.427625 109.432
2076.365579 109.498
2091.411780 109.566
2106.567012 109.635
2121.832065 109.706
2137.207735 109.779
2152.694823 109.854
2168.294137 109.930
2184.006490 110.008
2199.832702 110.086
2215.773596 110.165
2231.830005 110.244
2248.002765 110.323
2264.292720 110.402
2280.700718 110.481
2297.227616 110.560
2313.874274 110.639
2330.641561 110.717
2347.530351 110.795
2364.541523 110.872
2381.675966 110.948
2398.934572 111.022
2416.318240 111.097
2433.827878 111.172
2451.464399 111.248
2469.228720 111.325
2487.121769 111.403
2505.144479 111.483
2523.297789 111.566
2541.582644 111.652
2560.000000 111.738
2578.550815 111.825
2597.236057 111.912
2616.056701 112.000
2635.013726 112.088
2654.108121 112.178
2673.340883 112.269
2692.713013 112.360
2712.225522 112.449
2731.879426 112.536
2751.675750 112.621
2771.615527 112.702
2791.699796 112.778
2811.929603 112.849
2832.306004 112.915
2852.830061 112.977
2873.502844 113.035
2894.325430 113.090
2915.298905 113.140
2936.424363 113.187
2957.702904 113.229
2979.135638 113.267
3000.723683 113.299
3022.468164 113.323
3044.370214 113.337
3066.430976 113.342
3088.651599 113.338
3111.033242 113.323
3133.577071 113.300
3156.284262 113.267
3179.155999 113.226
3202.193474 113.178
3225.397888 113.125
3248.770450 113.067
3272.312380 113.002
3296.024905 112.933
3319.909260 112.858
3343.966691 112.777
3368.198452 112.689
3392.605806 112.595
3417.190027 112.496
3441.952394 112.392
3466.894200 112.285
3492.016745 112.175
3517.321337 112.063
3542.809298 111.949
3568.481954 111.835
3594.340646 111.721
3620.386720 111.607
3646.621534 111.492
3673.046457 111.376
3699.662866 111.261
3726.472148 111.146
3753.475701 111.032
3780.674934 110.918
3808.071263 110.806
3835.666117 110.694
3863.460935 110.584
3891.457165 110.475
3919.656268 110.368
3948.059713 110.263
3976.668981 110.160
4005.485564 110.060
4034.510963 109.964
4063.746693 109.871
4093.194277 109.782
4122.855250 109.694
4152.731158 109.610
4182.823560 109.528
4213.134024 109.449
4243.664130 109.372
4274.415470 109.296
4305.389646 109.224
4336.588274 109.154
4368.012981 109.088
4399.665403 109.025
4431.547192 108.965
4463.660010 108.910
4496.005531 108.858
4528.585440 108.812
4561.401437 108.772
4594.455232 108.735
4627.748549 108.703
4661.283122 108.674
4695.060701 108.650
4729.083046 108.629
4763.351932 108.613
4797.869143 108.602
4832.636481 108.594
4867.655757 108.589
4902.928797 108.587
4938.457440 108.586
4974.243539 108.588
5010.288958 108.591
5046.595577 108.597
5083.165289 108.602
5120.000000 108.607
5157.101631 108.611
5194.472115 108.613
5232.113401 108.613
5270.027452 108.610
5308.216243 108.605
5346.681766 108.601
5385.426026 108.591
5424.451043 108.573
5463.758851 108.546
5503.351500 108.507
5543.231054 108.455
5583.399591 108.387
5623.859206 108.300
5664.612008 108.195
5705.660122 108.078
5747.005687 107.950
5788.650860 107.810
5830.597810 107.660
5872.848725 107.499
5915.405808 107.326
5958.271277 107.141
6001.447367 106.940
6044.936328 106.709
6088.740429 106.455
6132.861952 106.183
6177.303198 105.896
6222.066483 105.598
6267.154142 105.291
6312.568524 104.980
6358.311998 104.670
6404.386948 104.360
6450.795775 104.049
6497.540901 103.739
6544.624761 103.431
6592.049809 103.126
6639.818520 102.825
6687.933382 102.530
6736.396904 102.244
6785.211613 101.968
6834.380053 101.700
6883.904789 101.441
6933.788400 101.190
6984.033489 100.949
7034.642675 100.718
7085.618596 100.498
7136.963909 100.290
7188.681291 100.095
7240.773439 99.913
7293.243069 99.745
7346.092914 99.590
7399.325732 99.451
7452.944296 99.326
7506.951403 99.216
7561.349867 99.117
7616.142525 99.031
7671.332234 98.957
7726.921869 98.896
7782.914330 98.849
7839.312536 98.816
7896.119426 98.798
7953.337962 98.795
8010.971128 98.809
8069.021927 98.839
8127.493386 98.889
8186.388553 98.959
8245.710500 99.049
8305.462317 99.160
8365.647121 99.294
8426.268048 99.449
8487.328260 99.628
8548.830939 99.834
8610.779292 100.068
8673.176549 100.329
8736.025961 100.618
8799.330806 100.935
8863.094385 101.281
8927.320020 101.659
8992.011061 102.077
9057.170880 102.565
9122.802874 103.095
9188.910464 103.646
9255.497097 104.209
9322.566244 104.778
9390.121402 105.345
9458.166093 105.902
9526.703863 106.436
9595.738287 106.938
9665.272962 107.408
9735.311514 107.841
9805.857594 108.232
9876.914881 108.575
9948.487077 108.857
10020.577916 109.052
10093.191154 109.144
10166.330578 109.180
10240.000000 109.178
10314.203261 109.143
10388.944230 109.082
10464.226802 108.999
10540.054903 108.903
10616.432486 108.810
10693.363532 108.742
10770.852052 108.673
10848.902086 108.597
10927.517703 108.512
11006.703001 108.419
11086.462108 108.316
11166.799182 108.204
11247.718413 108.087
11329.224017 107.963
11411.320244 107.825
11494.011375 107.671
11577.301719 107.498
11661.195620 107.304
11745.697450 107.083
11830.811616 106.820
11916.542554 106.507
12002.894734 106.172
12089.872657 105.823
12177.480858 105.467
12265.723904 105.108
12354.606395 104.750
12444.132966 104.403
12534.308283 104.092
12625.137048 103.830
12716.623996 103.584
12808.773895 103.344
12901.591551 103.105
12995.081802 102.860
13089.249521 102.606
13184.099619 102.333
13279.637040 102.015
13375.866764 101.669
13472.793808 101.308
13570.423226 100.936
13668.760107 100.555
13767.809577 100.166
13867.576801 99.770
13968.066979 99.366
14069.285350 98.944
14171.237191 98.511
14273.927818 98.080
14377.362583 97.655
14481.546879 97.240
14586.486137 96.840
14692.185828 96.456
14798.651463 96.094
14905.888592 95.761
15013.902806 95.481
15122.699734 95.305
15232.285051 95.175
15342.664467 95.071
15453.843739 94.984
15565.828661 94.909
15678.625072 94.839
15792.238852 94.768
15906.675925 94.684
16021.942256 94.543
16138.043854 94.286
16254.986772 93.997
16372.777107 93.707
16491.420999 93.429
16610.924634 93.175
16731.294241 92.955
16852.536096 92.783
16974.656520 92.705
17097.661878 92.856
17221.558584 93.143
17346.353097 93.484
17472.051922 93.846
17598.661613 94.208
17726.188769 94.552
17854.640040 94.853
17984.022122 95.056
18114.341760 95.017
18245.605748 94.842
18377.820928 94.592
18510.994194 94.287
18645.132489 93.940
18780.242805 93.562
18916.332186 93.154
19053.407727 92.681
19191.476573 92.108
19330.545924 91.478
19470.623028 90.809
19611.715189 90.110
19753.829761 89.395
19896.974155 88.706
20041.155832 88.234
