* Exported with UsyTrace, available at https://usyless.uk/trace
* Freq(Hz)	SPL(dB)
20.000000	108.257118
20.144928	108.257118
20.290907	108.257118
20.437943	108.257118
20.586045	108.257118
20.735220	108.257118
20.885476	108.257118
21.036820	108.257118
21.189262	108.257118
21.342808	108.257118
21.497467	108.257118
21.653246	108.257118
21.810155	108.257118
21.968200	108.257118
22.127391	108.257118
22.287735	108.257118
22.449241	108.257118
22.611917	108.257118
22.775773	108.257118
22.940815	108.257118
23.107054	108.257118
23.274497	108.257118
23.443154	108.257118
23.613033	108.257118
23.784142	108.257118
23.956492	108.257118
24.130091	108.257118
24.304947	108.257118
24.481071	108.257118
24.658471	108.257118
24.837156	108.257118
25.017137	108.257118
25.198421	108.257118
25.381019	108.257118
25.564940	108.257118
25.750195	108.257118
25.936791	108.257118
26.124740	108.257118
26.314050	108.257118
26.504733	108.257118
26.696797	108.257118
26.890253	108.257118
27.085111	108.257118
27.281381	108.257118
27.479073	108.257118
27.678198	108.257118
27.878765	108.257118
28.080786	108.257118
28.284271	108.257118
28.489231	108.257118
28.695675	108.257118
28.903616	108.257118
29.113064	108.257118
29.324029	108.257118
29.536523	108.257118
29.750557	108.257118
29.966142	108.257118
30.183289	108.257118
30.402009	108.257118
30.622315	108.257118
30.844217	108.257118
31.067726	108.257118
31.292856	108.257118
31.519617	108.257118
31.748021	108.257118
31.978080	108.257118
32.209807	108.257118
32.443212	108.257118
32.678309	108.257118
32.915110	108.257118
33.153626	108.257118
33.393871	108.257118
33.635857	108.257118
33.879596	108.257118
34.125101	108.257118
34.372386	108.257118
34.621462	108.257118
34.872344	108.257118
35.125043	108.257118
35.379574	108.257118
35.635949	108.257118
35.894182	108.257118
36.154286	108.257118
36.416274	108.257118
36.680162	108.263960
36.945961	108.290842
37.213687	108.317918
37.483353	108.345191
37.754973	108.372661
38.028561	108.403408
38.304131	108.434091
38.581699	108.453466
38.861278	108.473005
39.142882	108.495599
39.426528	108.518324
39.712229	108.540933
40.000000	108.563644
40.289856	108.586269
40.581813	108.607274
40.875886	108.624216
41.172089	108.641280
41.470439	108.653245
41.770951	108.663645
42.073641	108.674121
42.378524	108.684673
42.685616	108.693248
42.994934	108.700710
43.306493	108.708226
43.620309	108.715797
43.936400	108.723422
44.254781	108.731102
44.575470	108.738962
44.898482	108.746888
45.223835	108.754872
45.551545	108.762914
45.881631	108.771014
46.214108	108.776640
46.548994	108.780091
46.886308	108.783567
47.226065	108.787068
47.568285	108.790595
47.912984	108.794147
48.260181	108.797725
48.609894	108.801329
48.962142	108.804959
49.316942	108.808616
49.674312	108.812298
50.034273	108.816008
50.396842	108.816462
50.762038	108.813356
51.129881	108.810226
51.500389	108.807075
51.873582	108.803900
52.249480	108.800702
52.628101	108.797481
53.009466	108.794237
53.393594	108.790969
53.780506	108.787677
54.170222	108.784362
54.562762	108.781023
54.958146	108.777659
55.356395	108.773184
55.757531	108.762828
56.161573	108.752398
56.568542	108.741892
56.978461	108.731164
57.391351	108.716150
57.807232	108.701028
58.226127	108.686343
58.648058	108.674074
59.073046	108.661717
59.501113	108.649270
59.932283	108.638779
60.366577	108.629137
60.804018	108.619425
61.244629	108.609643
61.688433	108.599682
62.135453	108.589320
62.585712	108.578882
63.039234	108.568369
63.496042	108.557240
63.956161	108.542216
64.419613	108.527084
64.886424	108.511417
65.356618	108.494478
65.830219	108.477417
66.307252	108.458679
66.787742	108.439233
67.271713	108.421051
67.759192	108.404083
68.250203	108.386992
68.744772	108.373403
69.242925	108.359815
69.744688	108.346128
70.250086	108.332592
70.759147	108.319020
71.271897	108.305350
71.788363	108.291777
72.308571	108.278222
72.832549	108.264569
73.360323	108.250268
73.891923	108.235208
74.427374	108.220040
74.966705	108.204949
75.509945	108.189874
76.057121	108.174689
76.608262	108.156393
77.163398	108.136945
77.722555	108.115812
78.285765	108.093133
78.853056	108.076152
79.424458	108.062597
80.000000	108.048945
80.579713	108.036359
81.163627	108.025104
81.751772	108.013767
82.344179	108.002348
82.940879	107.988606
83.541903	107.973526
84.147282	107.958337
84.757048	107.937298
85.371232	107.914576
85.989867	107.891967
86.612985	107.869229
87.240619	107.842160
87.872800	107.816752
88.509563	107.794095
89.150939	107.773030
89.796964	107.753618
90.447670	107.734151
91.103091	107.714770
91.763261	107.695265
92.428216	107.675915
93.097989	107.656424
93.772615	107.634349
94.452130	107.611620
95.136569	107.578448
95.825968	107.544459
96.520362	107.510452
97.219789	107.477263
97.924283	107.450097
98.633883	107.425340
99.348625	107.402659
100.068546	107.380012
100.793684	107.357316
101.524077	107.334684
102.259762	107.311972
103.000778	107.292039
103.747164	107.272580
104.498959	107.251202
105.256202	107.228511
106.018931	107.202678
106.787188	107.175434
107.561012	107.148269
108.340444	107.121073
109.125523	107.093827
109.916292	107.066678
110.712791	107.041091
111.515061	107.018440
112.323145	106.993698
113.137085	106.966466
113.956923	106.933378
114.782702	106.903478
115.614465	106.876123
116.452255	106.842153
117.296116	106.808169
118.146092	106.774168
119.002227	106.741565
119.864566	106.714382
120.733154	106.682957
121.608036	106.648948
122.489258	106.614921
123.376866	106.580933
124.270906	106.546954
125.171424	106.506751
126.078468	106.472228
126.992084	106.444971
127.912321	106.417827
128.839227	106.390619
129.772849	106.363394
130.713236	106.321014
131.660438	106.285738
132.614504	106.251746
133.575483	106.217736
134.543426	106.183709
135.518384	106.149723
136.500406	106.121265
137.489544	106.095048
138.485850	106.072419
139.489375	106.048272
140.500173	106.021067
141.518295	105.988888
142.543795	105.958056
143.576726	105.930823
144.617142	105.897668
145.665098	105.863676
146.720647	105.831991
147.783845	105.804782
148.854748	105.772460
149.933411	105.738459
151.019890	105.705924
152.114242	105.678739
153.216525	105.651554
154.326795	105.623991
155.445111	105.590013
156.571530	105.556032
157.706112	105.516264
158.848915	105.470930
160.000000	105.425596
161.159426	105.380260
162.327254	105.334924
163.503544	105.323555
164.688358	105.318009
165.881758	105.284002
167.083805	105.256133
168.294563	105.226809
169.514095	105.192779
170.742464	105.158802
171.979734	105.124821
173.225970	105.090821
174.481237	105.056804
175.745600	105.022780
177.019125	104.988811
178.301879	104.959567
179.593928	104.932322
180.895339	104.905158
182.206182	104.877961
183.526523	104.850716
184.856431	104.827831
186.195977	104.805096
187.545230	104.782498
188.904260	104.758292
190.273138	104.724293
191.651936	104.690317
193.040725	104.656324
194.439578	104.618631
195.848567	104.573300
197.267766	104.527969
198.697250	104.482636
200.137092	104.443183
201.587368	104.410861
203.048153	104.383670
204.519524	104.359502
206.001557	104.336801
207.494329	104.316639
208.997918	104.297190
210.512403	104.273570
212.037863	104.246322
213.574377	104.212671
215.122025	104.178683
216.680888	104.147507
218.251047	104.120283
219.832584	104.093121
221.425581	104.064236
223.030122	104.030210
224.646290	103.996241
226.274170	103.962255
227.913846	103.931226
229.565404	103.903998
231.228929	103.876838
232.904509	103.850812
234.592231	103.828176
236.292183	103.803849
238.004454	103.776636
239.729132	103.749468
241.466308	103.720945
243.216073	103.686932
244.978517	103.652960
246.753732	103.623411
248.541811	103.596457
250.342848	103.573854
252.156935	103.551137
253.984168	103.528518
255.824642	103.505816
257.678453	103.483181
259.545697	103.460493
261.426473	103.437843
263.320877	103.410035
265.229008	103.377263
267.150967	103.350085
269.086853	103.322896
271.036767	103.295691
273.000811	103.273097
274.979088	103.249882
276.971700	103.222719
278.978751	103.197892
281.000346	103.175214
283.036590	103.149755
285.087590	103.122279
287.153452	103.088305
289.234284	103.059530
291.330195	103.032293
293.441294	103.005116
295.567690	102.977927
297.709496	102.950670
299.866821	102.923527
302.039780	102.898222
304.228485	102.875561
306.433050	102.852897
308.653590	102.830220
310.890221	102.804786
313.143060	102.777531
315.412224	102.750384
317.697831	102.723177
320.000000	102.695948
322.318852	102.672676
324.654507	102.649944
327.007088	102.627344
329.376716	102.604611
331.763515	102.582010
334.167610	102.558634
336.589127	102.531464
339.028190	102.504270
341.484928	102.477019
343.959469	102.449873
346.451941	102.422660
348.962474	102.395442
351.491200	102.368277
354.038251	102.342713
356.603758	102.323340
359.187855	102.303827
361.790679	102.281253
364.412363	102.258526
367.053045	102.235918
369.712863	102.213206
372.391955	102.190582
375.090460	102.167884
377.808521	102.145245
380.546277	102.120832
383.303872	102.093615
386.081450	102.066449
388.879155	102.040163
391.697134	102.017536
394.535533	101.996574
397.394500	101.979631
400.274184	101.962565
403.174736	101.941253
406.096306	101.918535
409.039048	101.895922
412.003113	101.873188
414.988657	101.850590
417.995836	101.827595
421.024807	101.800442
424.075726	101.773239
427.148753	101.746004
430.244049	101.725754
433.361775	101.706288
436.502093	101.690774
439.665167	101.677216
442.851162	101.663559
446.060244	101.649211
449.292581	101.634148
452.548340	101.618975
455.827692	101.599058
459.130807	101.576361
462.457858	101.553730
465.809019	101.531017
469.184463	101.511101
472.584367	101.491641
476.008908	101.472232
479.458265	101.452803
482.932617	101.435045
486.432146	101.419993
489.957033	101.404832
493.507464	101.391756
497.083623	101.380493
500.685695	101.369150
504.313870	101.357724
507.968337	101.347080
511.649285	101.336682
515.356906	101.326208
519.091395	101.315658
522.852945	101.303317
526.641753	101.289765
530.458016	101.276114
534.301934	101.262499
538.173706	101.248964
542.073534	101.235330
546.001623	101.221679
549.958175	101.208160
553.943399	101.194543
557.957501	101.180855
562.000691	101.167353
566.073180	101.153753
570.175180	101.140055
574.306904	101.129431
578.468569	101.119018
582.660390	101.108531
586.882588	101.097967
591.135381	101.088168
595.418991	101.078519
599.733643	101.068800
604.079560	101.059011
608.456970	101.049261
612.866100	101.039642
617.307180	101.029954
621.780442	101.020196
626.286120	101.010367
630.824447	101.019710
635.395661	101.031003
640.000000	101.042377
644.637704	101.051810
649.309014	101.043931
654.014175	101.035994
658.753431	101.028000
663.527030	101.019948
668.335221	101.011837
673.178253	101.004978
678.056380	100.998601
682.969856	100.992178
687.918938	100.985708
692.903882	100.979191
697.924949	100.972627
702.982401	100.966572
708.076501	100.970968
713.207515	100.975397
718.375711	100.979858
723.581357	100.984351
728.824726	100.988877
734.106091	100.993435
739.425726	100.998026
744.783910	101.002651
750.180921	101.007309
755.617041	101.012008
761.092554	101.016746
766.607744	101.021519
772.162900	101.026326
777.758310	101.031168
783.394268	101.036045
789.071066	101.040958
794.789000	101.045906
800.548368	101.050890
806.349472	101.063643
812.192613	101.080628
818.078095	101.097170
824.006226	101.109433
829.977315	101.121785
835.991673	101.134226
842.049613	101.145370
848.151452	101.155761
854.297507	101.166227
860.488099	101.176768
866.723550	101.188185
873.004186	101.200482
879.330334	101.212868
885.702324	101.225425
892.120489	101.244770
898.585161	101.264255
905.096680	101.281706
911.655384	101.298708
918.261614	101.315275
924.915716	101.330312
931.618037	101.345458
938.368925	101.361345
945.168733	101.378299
952.017816	101.395376
958.916529	101.417203
965.865234	101.439937
972.864291	101.462535
979.914067	101.485515
987.014928	101.512668
994.167245	101.539872
1001.371391	101.567106
1008.627741	101.594262
1015.936673	101.623503
1023.298569	101.657346
1030.713812	101.684494
1038.182790	101.714707
1045.705890	101.748728
1053.283506	101.782737
1060.916032	101.810545
1068.603867	101.837766
1076.347412	101.864970
1084.147069	101.897132
1092.003245	101.931134
1099.916351	101.965154
1107.886798	101.999168
1115.915003	102.043659
1124.001383	102.088745
1132.146360	102.122717
1140.350359	102.165257
1148.613808	102.196022
1156.937137	102.224720
1165.320781	102.258739
1173.765175	102.292709
1182.270762	102.334395
1190.837983	102.371483
1199.467286	102.410674
1208.159120	102.456007
1216.913939	102.513918
1225.732199	102.561085
1234.614360	102.606785
1243.560885	102.666101
1252.572239	102.711433
1261.648894	102.767627
1270.791322	102.816501
1280.000000	102.861840
1289.275408	102.907180
1298.618029	102.952509
1308.028350	102.997835
1317.506863	103.046203
1327.054061	103.114203
1336.670442	103.182196
1346.356507	103.250212
1356.112761	103.318193
1365.939713	103.386209
1375.837875	103.454194
1385.807763	103.518673
1395.849898	103.568623
1405.964802	103.636635
1416.153002	103.683450
1426.415031	103.751048
1436.751422	103.817247
1447.162715	103.865485
1457.649452	103.933484
1468.212181	104.001477
1478.851452	104.069493
1489.567819	104.137474
1500.361842	104.209091
1511.234082	104.295055
1522.185107	104.363048
1533.215488	104.431046
1544.325799	104.499056
1555.516621	104.567041
1566.788535	104.634474
1578.142131	104.686534
1589.577999	104.771049
1601.096737	104.839046
1612.698944	104.921967
1624.385225	104.996608
1636.156190	105.064632
1648.012452	105.154195
1659.954630	105.222179
1671.983345	105.311751
1684.099226	105.392833
1696.302903	105.469317
1708.595013	105.558885
1720.976197	105.626906
1733.447100	105.694885
1746.008372	105.762893
1758.660669	105.830889
1771.404649	105.879671
1784.240977	105.963141
1797.170323	106.056005
1810.193360	106.124451
1823.310767	106.214022
1836.523229	106.291428
1849.831433	106.384286
1863.236074	106.477147
1876.737851	106.572319
1890.337467	106.661892
1904.035631	106.729869
1917.833058	106.819441
1931.730467	106.898295
1945.728583	106.977010
1959.828134	107.066578
1974.029857	107.156147
1988.334491	107.267306
2002.742782	107.335288
2017.255482	107.446435
2031.873347	107.548302
2046.597138	107.625568
2061.427625	107.715136
2076.365579	107.804705
2091.411780	107.894276
2106.567012	107.983848
2121.832065	108.051851
2137.207735	108.119854
2152.694823	108.209429
2168.294137	108.297754
2184.006490	108.366983
2199.832702	108.456554
2215.773596	108.546126
2231.830005	108.657267
2248.002765	108.762038
2264.292720	108.854900
2280.700718	108.947764
2297.227616	109.040616
2313.874274	109.126693
2330.641561	109.216258
2347.530351	109.305824
2364.541523	109.412046
2381.675966	109.504910
2398.934572	109.597768
2416.318240	109.690621
2433.827878	109.783476
2451.464399	109.886387
2469.228720	109.997522
2487.121769	110.087090
2505.144479	110.198061
2523.297789	110.290914
2541.582644	110.426908
2560.000000	110.519764
2578.550815	110.655764
2597.236057	110.753944
2616.056701	110.884628
2635.013726	110.977488
2654.108121	111.113481
2673.340883	111.206336
2692.713013	111.309637
2712.225522	111.399211
2731.879426	111.488786
2751.675750	111.578363
2771.615527	111.646339
2791.699796	111.720346
2811.929603	111.803916
2832.306004	111.871916
2852.830061	111.934618
2873.502844	111.986336
2894.325430	112.054358
2915.298905	112.113749
2936.424363	112.159081
2957.702904	112.204413
2979.135638	112.249747
3000.723683	112.288588
3022.468164	112.320539
3044.370214	112.347740
3066.430976	112.369330
3088.651599	112.388773
3111.033242	112.403051
3133.577071	112.412027
3156.284262	112.421068
3179.155999	112.430174
3202.193474	112.439347
3225.397888	112.434685
3248.770450	112.425040
3272.312380	112.415325
3296.024905	112.405540
3319.909260	112.392886
3343.966691	112.373502
3368.198452	112.352884
3392.605806	112.318898
3417.190027	112.275737
3441.952394	112.230399
3466.894200	112.185059
3492.016745	112.118146
3517.321337	112.050129
3542.809298	111.982145
3568.481954	111.914140
3594.340646	111.846139
3620.386720	111.761606
3646.621534	111.688579
3673.046457	111.620558
3699.662866	111.552579
3726.472148	111.476458
3753.475701	111.395006
3780.674934	111.305439
3808.071263	111.215871
3835.666117	111.105014
3863.460935	111.015143
3891.457165	110.925580
3919.656268	110.857588
3948.059713	110.768014
3976.668981	110.656881
4005.485564	110.588863
4034.510963	110.498149
4063.746693	110.409728
4093.194277	110.322738
4122.855250	110.273739
4152.731158	110.217713
4182.823560	110.172379
4213.134024	110.134134
4243.664130	110.100125
4274.415470	110.067078
4305.389646	110.044471
4336.588274	110.023835
4368.012981	110.012602
4399.665403	110.001287
4431.547192	109.989890
4463.660010	109.987814
4496.005531	110.001344
4528.585440	110.014973
4561.401437	110.031419
4594.455232	110.058601
4627.748549	110.090002
4661.283122	110.124012
4695.060701	110.157490
4729.083046	110.184648
4763.351932	110.215218
4797.869143	110.249236
4832.636481	110.283258
4867.655757	110.328109
4902.928797	110.373435
4938.457440	110.417605
4974.243539	110.451596
5010.288958	110.479891
5046.595577	110.505999
5083.165289	110.528632
5120.000000	110.552882
5157.101631	110.580092
5194.472115	110.598077
5232.113401	110.613169
5270.027452	110.628371
5308.216243	110.614596
5346.681766	110.597579
5385.426026	110.561908
5424.451043	110.493897
5463.758851	110.404332
5503.351500	110.301632
5543.231054	110.165630
5583.399591	110.029627
5623.859206	109.893627
5664.612008	109.757633
5705.660122	109.578497
5747.005687	109.399358
5788.650860	109.234222
5830.597810	109.084215
5872.848725	108.905069
5915.405808	108.682794
5958.271277	108.503659
6001.447367	108.324521
6044.936328	108.145382
6088.740429	107.923099
6132.861952	107.700814
6177.303198	107.478532
6222.066483	107.290771
6267.154142	107.077121
6312.568524	106.897983
6358.311998	106.675701
6404.386948	106.539699
6450.795775	106.362177
6497.540901	106.181417
6544.624761	106.045423
6592.049809	105.909427
6639.818520	105.785779
6687.933382	105.696212
6736.396904	105.606644
6785.211613	105.517074
6834.380053	105.449058
6883.904789	105.381073
6933.788400	105.291500
6984.033489	105.223503
7034.642675	105.155491
7085.618596	105.108655
7136.963909	105.064252
7188.681291	105.049239
7240.773439	105.034117
7293.243069	105.024533
7346.092914	105.041460
7399.325732	105.058510
7452.944296	105.108098
7506.951403	105.176074
7561.349867	105.265646
7616.142525	105.386909
7671.332234	105.522908
7726.921869	105.658910
7782.914330	105.834867
7839.312536	105.974053
7896.119426	106.153188
7953.337962	106.289184
8010.971128	106.425182
8069.021927	106.561182
8127.493386	106.697185
8186.388553	106.790050
8245.710500	106.882902
8305.462317	106.969320
8365.647121	107.018506
8426.268048	107.045738
8487.328260	107.025466
8548.830939	106.986477
8610.779292	106.918456
8673.176549	106.824297
8736.025961	106.688302
8799.330806	106.509163
8863.094385	106.330022
8927.320020	106.150879
8992.011061	105.929662
9057.170880	105.700813
9122.802874	105.428825
9188.910464	105.156831
9255.497097	104.859606
9322.566244	104.537883
9390.121402	104.254542
9458.166093	103.939399
9526.703863	103.667412
9595.738287	103.395422
9665.272962	103.166567
9735.311514	102.965834
9805.857594	102.786691
9876.914881	102.671355
9948.487077	102.581785
10020.577916	102.515657
10093.191154	102.473737
10166.330578	102.454376
10240.000000	102.434875
10314.203261	102.450747
10388.944230	102.470218
10464.226802	102.527032
10540.054903	102.619886
10616.432486	102.755884
10693.363532	102.891883
10770.852052	103.071026
10848.902086	103.247537
10927.517703	103.386168
11006.703001	103.522162
11086.462108	103.658158
11166.799182	103.760743
11247.718413	103.838061
11329.224017	103.883395
11411.320244	103.856684
11494.011375	103.810218
11577.301719	103.713941
11661.195620	103.577943
11745.697450	103.398803
11830.811616	103.143377
11916.542554	102.871369
12002.894734	102.596209
12089.872657	102.241103
12177.480858	101.866522
12265.723904	101.458528
12354.606395	101.050527
12444.132966	100.599378
12534.308283	100.191363
12625.137048	99.783382
12716.623996	99.375399
12808.773895	99.010549
12901.591551	98.645692
12995.081802	98.313189
13089.249521	97.998041
13184.099619	97.726040
13279.637040	97.419865
13375.866764	97.182062
13472.793808	96.953207
13570.423226	96.753028
13668.760107	96.617025
13767.809577	96.523514
13867.576801	96.495982
13968.066979	96.493431
14069.285350	96.532066
14171.237191	96.634146
14273.927818	96.727007
14377.362583	96.863010
14481.546879	96.999012
14586.486137	97.178146
14692.185828	97.357282
14798.651463	97.493279
14905.888592	97.672420
15013.902806	97.808422
15122.699734	97.987567
15232.285051	98.123564
15342.664467	98.254018
15453.843739	98.311859
15565.828661	98.357192
15678.625072	98.353299
15792.238852	98.294515
15906.675925	98.226534
16021.942256	98.111677
16138.043854	97.975682
16254.986772	97.839685
16372.777107	97.703685
16491.420999	97.567683
16610.924634	97.431682
16731.294241	97.252540
16852.536096	97.063119
16974.656520	96.791127
17097.661878	96.519130
17221.558584	96.173972
17346.353097	95.845701
17472.051922	95.487370
17598.661613	95.122533
17726.188769	94.757689
17854.640040	94.329940
17984.022122	93.872224
18114.341760	93.404273
18245.605748	92.870483
18377.820928	92.326485
18510.994194	91.773005
18645.132489	91.179307
18780.242805	90.542457
18916.332186	89.905596
19053.407727	89.261398
19191.476573	88.631097
19330.545924	87.871541
19470.623028	87.105309
19611.715189	86.562761
19753.829761	86.427955
19896.974155	86.427955
20041.155832	86.427955