9.857	90.012
10	90.113
10.145	90.034
10.293	89.971
10.443	89.924
10.595	89.89
10.749	89.869
10.905	89.854
11.064	89.841
11.225	89.827
11.388	89.805
11.554	89.772
11.722	89.735
11.892	89.696
12.065	89.658
12.241	89.624
12.419	89.597
12.599	89.575
12.782	89.561
12.968	89.555
13.157	89.555
13.348	89.56
13.543	89.567
13.74	89.575
13.939	89.58
14.142	89.579
14.348	89.571
14.557	89.553
14.768	89.526
14.983	89.491
15.201	89.455
15.422	89.425
15.646	89.405
15.874	89.4
16.105	89.413
16.339	89.441
16.577	89.479
16.818	89.519
17.063	89.554
17.311	89.574
17.563	89.575
17.818	89.557
18.077	89.526
18.34	89.487
18.607	89.449
18.877	89.418
19.152	89.399
19.431	89.391
19.713	89.388
20	89.382
20.291	89.37
20.586	89.349
20.885	89.321
21.189	89.289
21.497	89.26
21.81	89.241
22.127	89.234
22.449	89.242
22.776	89.265
23.107	89.3
23.443	89.343
23.784	89.39
24.13	89.439
24.481	89.486
24.837	89.528
25.198	89.566
25.565	89.601
25.937	89.636
26.314	89.672
26.697	89.717
27.085	89.766
27.479	89.816
27.879	89.86
28.284	89.893
28.696	89.915
29.113	89.932
29.537	89.952
29.966	89.978
30.402	90.007
30.844	90.036
31.293	90.049
31.748	90.054
32.21	90.059
32.678	90.064
33.154	90.065
33.636	90.059
34.125	90.047
34.621	90.033
35.125	90.028
35.636	90.036
36.154	90.048
36.68	90.055
37.214	90.052
37.755	90.042
38.304	90.03
38.861	90.022
39.427	90.017
40	90.009
40.582	89.995
41.172	89.974
41.771	89.947
42.379	89.917
42.995	89.886
43.62	89.853
44.255	89.817
44.898	89.778
45.552	89.74
46.214	89.703
46.886	89.668
47.568	89.631
48.26	89.594
48.962	89.558
49.674	89.527
50.397	89.5
51.13	89.479
51.874	89.463
52.628	89.451
53.394	89.446
54.17	89.446
54.958	89.452
55.758	89.46
56.569	89.469
57.391	89.478
58.226	89.487
59.073	89.5
59.932	89.518
60.804	89.548
61.688	89.587
62.586	89.638
63.496	89.699
64.42	89.769
65.357	89.843
66.307	89.922
67.272	90.003
68.25	90.085
69.243	90.171
70.25	90.258
71.272	90.348
72.309	90.439
73.36	90.531
74.427	90.624
75.51	90.716
76.608	90.809
77.723	90.902
78.853	90.995
80	91.085
81.164	91.17
82.344	91.253
83.542	91.33
84.757	91.402
85.99	91.47
87.241	91.529
88.51	91.577
89.797	91.619
91.103	91.652
92.428	91.681
93.773	91.707
95.137	91.731
96.52	91.756
97.924	91.783
99.349	91.812
100.794	91.846
102.26	91.886
103.747	91.932
105.256	91.986
106.787	92.048
108.34	92.12
109.916	92.199
111.515	92.29
113.137	92.386
114.783	92.489
116.452	92.6
118.146	92.717
119.865	92.841
121.608	92.97
123.377	93.105
125.171	93.243
126.992	93.385
128.839	93.529
130.713	93.674
132.615	93.82
134.543	93.967
136.5	94.112
138.486	94.256
140.5	94.396
142.544	94.533
144.617	94.67
146.721	94.803
148.855	94.931
151.02	95.055
153.217	95.172
155.445	95.28
157.706	95.382
160	95.474
162.327	95.559
164.688	95.633
167.084	95.7
169.514	95.759
171.98	95.808
174.481	95.851
177.019	95.884
179.594	95.912
182.206	95.936
184.856	95.959
187.545	95.987
190.273	96.018
193.041	96.056
195.849	96.1
198.697	96.147
201.587	96.198
204.52	96.248
207.494	96.296
210.512	96.344
213.574	96.393
216.681	96.439
219.833	96.489
223.03	96.538
226.274	96.587
229.565	96.636
232.905	96.682
236.292	96.724
239.729	96.76
243.216	96.79
246.754	96.813
250.343	96.828
253.984	96.837
257.678	96.839
261.426	96.838
265.229	96.829
269.087	96.812
273.001	96.779
276.972	96.723
281	96.632
285.088	96.494
289.234	96.307
293.441	96.088
297.709	95.885
302.04	95.756
306.433	95.73
310.89	95.795
315.412	95.898
320	95.991
324.655	96.05
329.377	96.073
334.168	96.068
339.028	96.043
343.959	96.007
348.962	95.961
354.038	95.908
359.188	95.656
364.412	95.434
369.713	95.243
375.09	95.087
380.546	94.966
386.081	94.875
391.697	94.814
397.394	94.777
403.175	94.766
409.039	94.78
414.989	94.819
421.025	94.881
427.149	94.967
433.362	95.072
439.665	95.193
446.06	95.323
452.548	95.384
459.131	95.429
465.809	95.458
472.584	95.469
479.458	95.468
486.432	95.453
493.507	95.427
500.686	95.39
507.968	95.344
515.357	95.29
522.853	95.23
530.458	95.164
538.174	95.092
546.002	95.015
553.943	94.936
562.001	94.855
570.175	94.776
578.469	94.7
586.883	94.627
595.419	94.56
604.08	94.498
612.866	94.441
621.78	94.391
630.824	94.341
640	94.288
649.309	94.231
658.753	94.166
668.335	94.09
678.056	94
687.919	93.896
697.925	93.779
708.077	93.652
718.376	93.517
728.825	93.378
739.426	93.236
750.181	93.09
761.093	92.941
772.163	92.789
783.394	92.638
794.789	92.486
806.349	92.333
818.078	92.183
829.977	92.048
842.05	91.939
854.298	91.852
866.724	91.767
879.33	91.666
892.12	91.544
905.097	91.402
918.262	91.248
931.618	91.086
945.169	90.921
958.92	90.757
972.86	90.599
987.02	90.452
1001.37	90.313
1015.94	90.186
1030.71	90.073
1045.71	89.974
1060.92	89.893
1076.35	89.838
1092.00	89.816
1107.89	89.832
1124.00	89.883
1140.35	89.957
1156.94	90.038
1173.77	90.117
1190.84	90.192
1208.16	90.257
1225.73	90.304
1243.56	90.323
1262	90.302
1280.00	90.245
1298.62	90.156
1317.51	90.043
1336.67	89.917
1356.11	89.781
1375.84	89.638
1395.85	89.487
1416.15	89.322
1436.75	89.133
1457.65	88.916
1478.85	88.689
1500.36	88.486
1522.19	88.338
1544.33	88.244
1566.79	88.182
1589.58	88.133
1612.70	88.089
1636.16	88.051
1659.96	88.027
1684.10	88.024
1708.60	88.046
1733.45	88.089
1758.66	88.144
1784.24	88.199
1810.19	88.251
1836.52	88.268
1863.24	88.277
1890.34	88.283
1917.83	88.289
1945.73	88.298
1974.03	88.293
2002.74	88.309
2031.87	88.335
2061.43	88.359
2091.41	88.371
2121.83	88.364
2152.70	88.328
2184.01	88.264
2215.77	88.176
2248.00	88.067
2280.70	87.943
2313.87	87.809
2347.53	87.682
2381.68	87.576
2416.32	87.504
2451.46	87.47
2487.12	87.472
2523	87.501
2560.00	87.553
2597.24	87.619
2635.01	87.703
2673.34	87.806
2712.23	87.936
2751.68	88.099
2791.70	88.3
2832.31	88.531
2873.50	88.781
2915.30	89.032
2957.70	89.271
3000.72	89.486
3044.37	89.65
3088.65	89.719
3133.58	89.645
3179.16	89.403
3225.40	89.046
3272.31	88.688
3319.91	88.434
3368.20	88.318
3417.19	88.301
3466.89	88.321
3517.32	88.327
3568.48	88.283
3620.39	88.184
3673.05	88.058
3726.47	87.942
3780.68	87.837
3835.67	87.717
3891.46	87.561
3948.06	87.376
4005.49	87.182
4063.75	86.987
4122.86	86.79
4182.82	86.581
4243.66	86.354
4305.39	86.103
4368.01	85.815
4431.55	85.469
4496.01	85.036
4561.40	84.489
4627.75	83.816
4695.06	83.015
4763.35	82.088
4832.64	81.039
4902.93	79.866
4974.24	78.585
5047	77.25
5120.00	75.957
5194.47	74.828
5270.03	73.98
5346.68	73.521
5424.45	73.565
5503.35	74.168
5583.40	75.239
5664.61	76.571
5747.01	77.994
5830.60	79.454
5915.41	80.966
6001.45	82.536
6088.74	84.13
6177.30	85.686
6267.15	87.136
6358.31	88.428
6450.80	89.532
6544.63	90.445
6639.82	91.168
6736.40	91.689
6834.38	91.984
6933.79	92.029
7034.64	91.83
7136.96	91.432
7240.77	90.902
7346.09	90.274
7452.94	89.548
7561.35	88.739
7671.33	87.933
7782.91	87.264
7896.12	86.846
8010.97	86.704
8127.49	86.819
8245.71	87.177
8365.65	87.792
8487.33	88.634
8610.78	89.564
8736.03	90.314
8863.09	90.755
8992.01	91.17
9122.80	91.019
9255.50	90.324
9390.12	89.205
9526.70	88.173
9665.27	87.415
9805.86	86.942
9948.49	86.78
10093	87.011
10240.00	87.572
10388.94	88.153
10540.06	88.564
10693.36	88.757
10848.90	88.595
11006.70	88.106
11166.80	87.688
11329.22	87.421
11494.01	87.091
11661.20	85.404
11830.81	85.53
12002.90	85.228
12177.48	85.596
12354.61	85.083
12534.31	84.45
12716.62	83.816
12901.59	83.589
13089.25	83.907
13279.64	84.882
13472.79	86.451
13668.76	88.09
13867.58	89.39
14069.29	90.455
14273.93	91.104
14481.55	91.186
14692.19	90.633
14905.89	89.55
15122.70	88.074
15342.66	86.193
15565.83	83.783
15792.24	80.947
16021.94	78.247
16254.99	76.463
16491.42	76.019
16731.29	76.726
16974.66	77.927
17221.56	78.842
17472.05	78.896
17726.19	77.921
17984.02	76.229
18245.61	74.396
18510.99	72.987
18780.24	72.415
19053.41	72.755
19330.55	73.803
19611.72	75.309
19896.97	77.023
20186	78.575
20480.00	79.656
20777.89	79.972
21080.11	79.681
21386.73	79.048
21697.80	78.432