20	-7.171763121782269
20.290906698750476	-7.115273840567124
20.586044732869844	-7.061472814351198
20.885475648548283	-7.010732558079799
21.189261887185914	-6.963403815135652
21.49746679841394	-6.919808979426598
21.810154653305165	-6.880235783572834
22.12739065777668	-6.8449314855796946
22.449240966187475	-6.814097781995242
22.77577269513385	-6.787886656666652
23.107053937445478	-6.766397341002156
23.44315377638505	-6.749674515743209
23.784142300054445	-6.737707828627576
24.130090616010463	-6.7304327410663625
24.481070866093134	-6.727732654787989
24.837156241469714	-6.697463414235936
25.1984209978975	-6.662467061472174
25.56494047120865	-6.629322976953882
25.936791093020236	-6.607821938114359
26.3140504066728	-6.577729026019227
26.69679708340074	-6.548789517544937
27.08511093873791	-6.525368459783076
27.47907294916184	-6.503287575420407
27.878765268980047	-6.486167856615015
28.284271247461966	-6.467463715619558
28.695675446220072	-6.441801646692799
29.11306365684382	-6.421365303130763
29.536522918790062	-6.397379021703138
29.966141537533712	-6.375993918954701
30.402009102982383	-6.3552934034727855
30.844216508158908	-6.32848565454307
31.29285596815558	-6.309260621403196
31.74802103936409	-6.278344485784675
32.20980663898519	-6.255681986412901
32.67830906482211	-6.220612968387252
33.153626015361866	-6.1936159130638595
33.63585661014871	-6.154271293836638
34.125101410453844	-6.122406102428974
34.62146244024586	-6.08825160741827
35.12504320746613	-6.051402673986775
35.635948725613716	-6.0121734007421
36.15428553564419	-5.970364967606429
36.68016172818701	-5.925542714348129
37.21368696608603	-5.878324304691105
37.754972507267915	-5.828029472756811
38.30413122794313	-5.774960671277144
38.86127764614443	-5.719231701616068
39.4265279456077	-5.670423600049446
40.000000000000206	-5.608490565737436
40.58181339750116	-5.543749275034031
41.1720894657399	-5.47600218033948
41.77095129709678	-5.405097533462732
42.37852377437204	-5.330841826329091
42.9949335968281	-5.253276262208367
43.62030930661056	-5.185958256338653
44.25478131555359	-5.116248319092651
44.89848193237519	-5.042463459305093
45.55154539026795	-4.95803476284632
46.21410787489121	-4.8724622050145765
46.88630755277036	-4.77883066098778
47.56828460010916	-4.688634541581639
48.260181232021196	-4.590473077651502
48.962141732186545	-4.5066735462914025
49.674312482939705	-4.417443818408411
50.39684199579528	-4.314317136721762
51.129880942417586	-4.203659574657111
51.873582186040764	-4.090284889889098
52.628100813345895	-3.9643634455148256
53.393594166801776	-3.8390957902442393
54.17022187747612	-3.7044019806909727
54.95814589832399	-3.5672041903525384
55.75753053796041	-3.423544323549883
56.56854249492426	-3.262354848055044
57.39135089244048	-3.1025295899324408
58.226127313687975	-2.9247749517776307
59.073045837580466	-2.737953434547653
59.932283075067765	-2.5443971005358352
60.804018205965114	-2.3530400905047677
61.68843301631817	-2.1617206945500196
62.58571193631152	-1.9506021827988125
63.49604207872855	-1.7288886409880195
64.41961327797075	-1.4912439013858774
65.35661812964459	-1.2449293402889765
66.3072520307241	-0.9924671056931653
67.27171322029778	-0.7310637965093392
68.25020282090806	-0.4601208234231784
69.2429248804921	-0.18163773277789597
70.25008641493265	0.10429801775005032
71.27189745122783	0.3956808291747991
72.30857107128878	0.680815302951904
73.36032345637442	0.9721179777891509
74.42737393217246	1.2654654377149512
75.50994501453623	1.5518296848382116
76.60826245588666	1.8438960178350055
77.72255529228926	2.126349903088517
78.85305589121582	2.3999602772855813
80.00000000000082	2.668497286579269
81.16362679500274	2.925471169682706
82.34417893148023	3.171013808464595
83.541902594194	3.4129287006332056
84.75704754874454	3.643144781203114
85.98986719365665	3.877600885841792
87.24061861322157	4.102921914780152
88.50956263110764	4.33063599613163
89.79696386475084	4.564575268956439
91.10309078053635	4.798753285168633
92.42821574978288	5.049235579061008
93.77261510554118	5.326391037169156
95.13656920021877	5.622868097496792
96.52036246404286	5.942772720107049
97.92428346437356	6.2990762968011005
99.34862496587989	6.705235179943474
100.79368399159105	7.14179466018372
102.25976188483567	7.613038408095215
103.74716437208203	8.105358566572697
105.25620162669229	8.583195274555102
106.78718833360406	8.98898716474916
108.34044375495276	9.267870859544505
109.9162917966485	9.365663003220298
111.51506107592134	9.259729994872547
113.13708498984903	8.958913631887114
114.78270178488147	8.529275303936396
116.45225462737648	8.029814793763613
118.14609167516147	7.506823137367114
119.86456615013608	7.009910376249027
121.60803641193078	6.548599522009139
123.3768660326369	6.130440442244109
125.17142387262359	5.7566621654103365
126.99208415745765	5.4238078911597505
128.83922655594208	5.118342461471137
130.71323625928977	4.854924446345607
132.61450406144883	4.6210068721579205
134.5434264405962	4.419661533840724
136.50040564181674	4.241676797659835
138.48584976098482	4.073641264394082
140.50017282986593	3.933785307560832
142.5437949024563	3.8279225476104646
144.61714214257822	3.730475862586387
146.7206469127495	3.6555053259355006
148.8547478643456	3.6063685741606637
151.01989002907314	3.5739147171786594
153.216524911774	3.569135248426935
155.4451105845792	3.5966072449323416
157.70611178243232	3.6619715162247344
160.00000000000236	3.7708630622699304
162.3272535900062	3.9275511085080836
164.6883578629612	4.139634357834126
167.08380518838874	4.376706416595981
169.51409509748981	4.609835996441286
171.97973438731407	4.782460154692043
174.4812372264439	4.827248073847684
177.01912526221608	4.690203353516158
179.5939277295025	4.396869206144647
182.20618156107355	4.0201001188422225
184.85643149956664	3.611982109259135
187.54523021108326	3.2231440495730386
190.27313840043846	2.883296436821349
193.04072492808663	2.5890351580374165
195.84856692874806	2.3367128774062658
198.69724993176072	2.1199500405872653
201.58736798318304	1.9444386211043787
204.5195237696723	1.794862529975632
207.49432874416505	1.6736730982165007
210.5124032533856	1.5569108541207974
213.57437666720915	1.4615635888631329
216.68088750990657	1.3891871388939392
219.83258359329807	1.3135312567874409
223.03012215184378	1.2464816553036915
226.2741699796992	1.1940276386465314
229.5654035697641	1.1468463367657091
232.90450925475412	1.1061488313310037
236.2921833503241	1.0608344431867622
239.72913230027333	1.028888057206212
243.21607282386276	0.9970128416395205
246.75373206527502	0.9648606899303349
250.34284774524843	0.9321676181708924
253.9841683149166	0.9128655565021455
257.67845311188546	0.8842972523924479
261.42647251858085	0.8621421402841385
265.22900812289896	0.8401966631154687
269.08685288119375	0.8171741571218856
273.0008112836349	0.7931173927617994
276.97169952197106	0.7680011422971464
281.00034565973334	0.7418933127620746
285.0875898049141	0.7149588944721492
289.23428428515797	0.6871506110397589
293.44129382550057	0.6586628460120925
297.7094957286928	0.6295547985562948
302.0397800581479	0.599997117264164
306.4330498235497	0.5800719487351758
310.89022116916016	0.5572813721633947
315.41222356486645	0.5395099438071791
320.00000000000654	0.5090790095576239
324.6545071800142	0.47873713926816563
329.3767157259242	0.44849903676904956
334.16761037677935	0.41850002060197156
339.02819019498156	0.38877065252966103
343.95946877463007	0.3594857381621046
348.9624744528898	0.3305320126288447
354.03825052443415	0.3021261000426645
359.187855459007	0.264274677148405
364.4123631221491	0.2369243692831995
369.71286299913527	0.20024285149255427
375.0904604221685	0.16807861222722642
380.54627680087896	0.1381037702550305
386.08144985617537	0.09877654017243498
391.6971338574982	0.06010593503175454
397.3944998635236	0.03204791781162797
403.1747359663683	-0.005345558049688837
409.0390475393468	-0.042155533343115614
414.9886574883323	-0.07836832478658318
421.0248065067734	-0.11401253600670569
427.1487533344206	-0.14911940747076557
433.3617750198154	-0.18373819611261122
439.6651671865984	-0.21222211471502583
446.06024430368984	-0.2416397558702743
452.54833995940066	-0.2703385599076722
459.13080713953053	-0.2981557815665744
465.8090185095106	-0.327263067524571
472.58436670065066	-0.35369213148958
479.45826460054917	-0.3762615486700329
486.432145647728	-0.40151063072436644
493.50746413055253	-0.42139658482383413
500.6856954904994	-0.4478115306698103
507.9683366298358	-0.4762351299343014
515.3569062237735	-0.4949887528060116
522.8529450371643	-0.5141505403032702
530.4580162458005	-0.5438715835341515
538.1737057623901	-0.5641810214030955
546.0016225672724	-0.5853060565050863
553.9433990439449	-0.6152070573815301
562.0006913194694	-0.6403366612403127
570.1751796098309	-0.6714640727406628
578.4685685703187	-0.7100569753383982
586.8825876510039	-0.7429911411019691
595.4189914573883	-0.7760957458678392
604.0795601162986	-0.8160148709869139
612.8660996471021	-0.8482845788946825
621.780442338323	-0.8826642121731103
630.8244471297356	-0.9277199814315296
640.0000000000159	-0.9710868858058768
649.3090143600314	-1.0192739940871784
658.7534314518515	-1.0729234266175784
668.3352207535618	-1.1255649167829136
678.0563803899662	-1.188470703149397
687.9189375492632	-1.248030051547261
697.9249489057827	-1.3107154795828508
708.0765010488715	-1.3795160859475977
718.3757109180171	-1.4495752443836265
728.8247262443015	-1.5204497095008338
739.425725998274	-1.5833955586715336
750.1809208443404	-1.6549239689886677
761.0925536017613	-1.7318958535215259
772.1628997123541	-1.79972051734947
783.3942677149998	-1.8649555832844174
794.7889997270506	-1.9366893806575134
806.34947193274	-1.9938523794538439
818.0780950786972	-2.054805635700564
829.9773149766683	-2.102868709336615
842.0496130135506	-2.1423879833259782
854.2975066688449	-2.173999916635844
866.7235500396347	-2.188864637787089
879.3303343732008	-2.1817241322969876
892.1204886073838	-2.1550407568577588
905.0966799188055	-2.121485294971465
918.2616142790653	-2.06299157843652
931.6180370190256	-2.0026359031876844
945.1687334013056	-1.924234666169539
958.9165292011028	-1.8416132453441145
972.8642912954606	-1.7482718394666639
987.0149282611097	-1.6669879389978077
1001.3713909810035	-1.576885888007617
1015.9366732596762	-1.490562000742584
1030.7138124475518	-1.4102849474178247
1045.7058900743334	-1.3362863786787778
1060.916032491606	-1.2673940418473928
1076.3474115247852	-1.1907727050333259
1092.0032451345498	-1.1193326260783643
1107.8867980878947	-1.0526572621444914
1124.0013826389438	-0.9810208516609709
1140.350359219667	-0.9039854280257322
1156.9371371406426	-0.8270673737467691
1173.765175302013	-0.7567559337069805
1190.837982914782	-0.6768299093430523
1208.1591202326028	-0.597441846480788
1225.73219929421	-0.5132084752425012
1243.5608846766518	-0.4386936792216819
1261.648894259477	-0.35238050460795634
1280.0000000000375	-0.26814571123983555
1298.6180287200684	-0.17652319124674154
1317.5068629037087	-0.0888460026436193
1336.6704415071292	0.0015167833387492724
1356.112760779938	0.08868297031519545
1375.8378750985323	0.1824437266369563
1395.8498978115715	0.2628819073815758
1416.153002097749	0.34159169861511196
1436.7514218360407	0.42536992562381504
1457.6494524886093	0.4987887959925219
1478.8514519965543	0.5711515063436958
1500.3618416886875	0.6526462248803653
1522.1851072035295	0.7492472961880483
1544.3257994247153	0.8443305440864641
1566.788535430007	0.9453492602284981
1589.5779994541087	1.038447152182917
1612.6989438654878	1.146931793556528
1636.156190157402	1.2592839676515002
1659.9546299533442	1.3801956578605958
1684.099226027109	1.4893787475300782
1708.5950133376978	1.6071059626700301
1733.4471000792773	1.7321539877717913
1758.6606687464096	1.8572302853688565
1784.2409772147755	1.9850417352364684
1810.193359837619	2.1090431293984584
1836.5232285581387	2.2398708232153908
1863.2360740380593	2.3729120605407252
1890.3374668026197	2.49505183576573
1917.833058402214	2.618977474341678
1945.7285825909298	2.747045007591392
1974.0298565222283	2.8649938799578076
2002.7427819620161	2.9785659955252117
2031.8733465193618	3.0548396878456736
2061.4276248951132	3.137798696548292
2091.411780148677	3.2101768044689347
2121.832064983222	3.287632700439664
2152.694823049581	3.3744541174063265
2184.0064902691106	3.461684376221662
2215.7735961758003	3.5648734627319785
2248.002765277899	3.6941365472539447
2280.7007184393456	3.825311008753313
2313.874274281297	3.9869093087316205
2347.530350604038	4.166815050946466
2381.6759658295764	4.33197201961876
2416.318240465218	4.492497676312419
2451.4643985884327	4.652567193496637
2487.1217693533167	4.7957825575218225
2523.2977885189675	4.908953181105887
2560.0000000000887	4.974336230723591
2597.236057440151	5.0125446558279165
2635.0137258074315	5.0030117355156145
2673.340883014273	4.960611950666599
2712.225521559891	4.8837295275765635
2751.6757501970797	4.79437114323211
2791.699795623158	4.695832790964943
2832.3060041955137	4.5949158367481475
2873.502843672097	4.489499307520838
2915.2989049772345	4.4043567961898145
2957.7029039931244	4.333361678403782
3000.723683377391	4.291908624288263
3044.370214407075	4.274863668867411
3088.6515988494466	4.27504730543348
3133.57707086003	4.29597748834013
3179.1559989082334	4.321138753129619
3225.3978877309914	4.346278367209255
3272.3123803148205	4.374315973041508
3319.9092599067053	4.404837717995894
3368.198452054235	4.418545663815063
3417.190026675413	4.403690671433545
3466.8942001585724	4.354461814222892
3517.3213374928373	4.282990575708581
3568.4819544295697	4.162577961667462
3620.386719675257	3.9703812624082913
3673.0464571162966	3.7451344734437795
3726.472148076138	3.4730597358983593
3780.6749336052594	3.1723477546501284
3835.6661168044484	2.8603478271094964
3891.45716518188	2.5822527113074685
3948.059713044477	2.383154100146811
4005.4855639240527	2.264973114168586
4063.746693038744	2.2353711866449197
4122.855249790247	2.3040546483790756
4182.823560297375	2.441783711704998
4243.664129966465	2.6104551096318938
4305.389646099183	2.7661990541125974
4368.012980538242	2.8948098395043527
4431.5471923516225	2.993221906375271
4496.00553055582	3.043302357162185
4561.401436878714	3.0422707850860986
4627.748548562617	2.9994241121791063
4695.060701208099	2.9050019637057254
4763.351931659176	2.781787528213821
4832.63648093046	2.604961305682692
4902.928797176889	2.407752210377927
4974.243538706657	2.1758873831787975
5046.595577037959	1.9433839311061778
5120.000000000202	1.708238765879556
5194.472114880326	1.4740221315610715
5270.027451614888	1.2388121333780138
5346.6817660285715	1.0198282915561334
5424.451043119808	0.8271818465189384
5503.351500394186	0.6756776228956507
5583.399591246343	0.5517070887114259
5664.612008391055	0.4893184029938471
5747.005687344222	0.4594551915231535
5830.597809954497	0.46326516830371856
5915.405807986278	0.4884622915839125
6001.447366754812	0.5138291828082546
6088.740428814181	0.5278343273872743
6177.303197698925	0.5397176126049448
6267.154141720092	0.5539446747043639
6358.3119978165005	0.5785756052489028
6450.795775462017	0.610764597527846
6544.624760629676	0.6399462713651594
6639.818519813445	0.6607998161882418
6736.396904108505	0.6774870987439079
6834.380053350861	0.673719455975188
6933.788400317181	0.6602258942131689
7034.642674985712	0.6491952330775854
7136.963908859177	0.6272581970303621
7240.773439350552	0.5821142558153298
7346.092914232631	0.5299889821530497
7452.944296152315	0.47419482028312343
7561.349867210557	0.4202688419212989
7671.332233608935	0.37323094946683955
7782.914330363799	0.3240273004050446
7896.119426088994	0.27269439174529975
8010.971127848146	0.21704985660201195
8127.49338607753	0.14827480554493438
8245.710499580537	0.068402731592061
8365.647120594791	-0.0021677850600606563
8487.328259932974	-0.07502777836104585
8610.77929219841	-0.17545477558870665
8736.025961076528	-0.27631325519095074
8863.094384703289	-0.376867344499975
8992.011061111683	-0.46869393825782374
9122.802873757471	-0.594499738182051
9255.497097125279	-0.7235557439802016
9390.121402416245	-0.8421502841147082
9526.7038633184	-0.977149814079398
9665.272961860968	-1.1407594344117957
9805.857594353829	-1.302657350968852
9948.487077413367	-1.462428087901326
10093.19115407597	-1.6171980484850608
10240.000000000457	-1.7717399834718321
10388.944229760706	-1.9254057876840731
10540.05490322983	-2.0787705481015104
10693.363532057198	-2.2504578284199916
10848.902086239672	-2.4387983170917247
11006.703000788428	-2.6317177873054916
11166.799182492743	-2.8201199106827493
11329.224016782166	-3.0335285582580775
11494.0113746885	-3.2511890051104757
11661.195619909053	-3.4701379734871236
11830.811615972614	-3.6791036368627426
12002.894733509682	-3.8676724841569046
12177.48085762842	-4.0476719112201645
12354.606395397908	-4.22700196351976
12534.308283440243	-4.406294529458608
12716.62399563306	-4.58577955513584
12901.591550924093	-4.765544994203219
13089.249521259411	-4.945458310310531
13279.637039626952	-5.113240869060618
13472.793808217073	-5.241069490428125
13668.760106701786	-5.379076869114125
13867.576800634426	-5.517349403376606
14069.285349971487	-5.6478732912732985
14273.927817718419	-5.74999654961091
14481.54687870117	-5.8618703498686315
14692.18582846533	-5.964705791558879
14905.888592304698	-6.078630339523626
15122.699734421185	-6.229080840282124
15342.664467217943	-6.4035461747985405
15565.828660727671	-6.589795649791521
15792.238852178061	-6.767294770085345
16021.942255696367	-6.97499892173805
16254.986772155136	-7.3106385443741075
16491.42099916115	-7.653990107161214
16731.294241189662	-7.9994385375523205
16974.65651986603	-8.362376000332128
17221.558584396902	-8.943039811664839
17472.051922153143	-9.564639533320168
17726.188769406665	-10.188320268344912
17984.022122223458	-10.874191699355217
18245.605747515034	-11.816616343837858
18510.99419425065	-12.844055644045401
18780.242804832582	-13.879636403144955
19053.40772663689	-15.019989998458119
19330.545923722028	-16.52322124503526
19611.71518870775	-18.044316405217305
19896.974154826825	-19.57895713813142
20186.382308152035	-19.89495651975995